Delta,Time,CPU_FREQUENCY_0,CPU_FREQUENCY_1,CPU_FREQUENCY_2,CPU_FREQUENCY_3,CPU_FREQUENCY_4,CPU_FREQUENCY_5,CPU_FREQUENCY_6,CPU_FREQUENCY_7,CPU_USAGE_0,CPU_USAGE_1,CPU_USAGE_2,CPU_USAGE_3,CPU_USAGE_4,CPU_USAGE_5,CPU_USAGE_6,CPU_USAGE_7,DRAM_ENERGY (J),PACKAGE_ENERGY (J),PP0_ENERGY (J),PP1_ENERGY (J),TOTAL_MEMORY,TOTAL_SWAP,USED_MEMORY,USED_SWAP
0,1742933898170,2801,2801,2801,2801,2801,2801,2801,2801,100,100,100,100,100,100,100,100,16913.564575195313,183384.3798828125,155274.05181884766,1911.723876953125,17024311296,2550136832,6195359744,0
200,1742933898170,2801,2801,2801,2801,2801,2801,2801,2801,100,100,100,100,100,100,100,100,16913.57049560547,183384.4434814453,155274.11669921875,1911.723876953125,17024311296,2550136832,6195093504,0
199,1742933898371,2801,2801,2801,2801,2801,2801,2801,2801,4.780128479003906,4.848876953125,5.759086608886719,7.242103576660156,4.5826873779296875,4.73681640625,6.1144866943359375,4.950065612792969,16913.679260253906,183384.68353271484,155274.28283691406,1911.7340698242188,17024311296,2550136832,6196158464,0
200,1742933898571,2801,2801,2801,2801,2801,2801,2801,2801,1.5336380004882813,0.6970596313476563,2.1393661499023438,0.34925079345703125,6.167510986328125,2.717926025390625,1.5959091186523438,0.510650634765625,16913.794799804688,183385.06915283203,155274.5440673828,1911.7581787109375,17024311296,2550136832,6195871744,0
200,1742933898772,2801,2801,2801,2801,2801,2801,2801,2801,0.8826370239257813,3.4435958862304688,23.06641387939453,1.265777587890625,77.61761474609375,0.5357284545898438,1.5358123779296875,1.5214004516601563,16913.94757080078,183387.75537109375,155276.96405029297,1911.8052368164063,17024311296,2550136832,6194098176,0
200,1742933898972,2801,2801,2801,2801,2801,2801,2801,2801,1.2191619873046875,0.69757080078125,32.06525421142578,2.8056716918945313,69.4287338256836,0.39422607421875,1.508697509765625,0.29108428955078125,16914.084045410156,183390.4256591797,155279.38885498047,1911.83642578125,17024311296,2550136832,6195953664,0
200,1742933899173,2801,2801,2801,2801,2801,2801,2801,2801,2.3135528564453125,0.7863388061523438,2.1684799194335938,0.2828216552734375,99.90168762207031,0.06097412109375,3.826263427734375,0.262725830078125,16914.531677246094,183393.0968017578,155281.60430908203,1911.8729858398438,17024311296,2550136832,6588317696,0
200,1742933899373,2801,2801,2801,2801,2801,2801,2801,2801,0.2011566162109375,0.35326385498046875,3.6226806640625,0.04681396484375,100,0.089935302734375,0.625213623046875,0.0717926025390625,16914.686462402344,183395.81896972656,155284.16723632813,1911.8729858398438,17024311296,2550136832,6588260352,0
200,1742933899574,2801,2801,2801,2801,2801,2801,2801,2801,1.334136962890625,0.2519073486328125,3.7606658935546875,0.5647964477539063,100,0.15364837646484375,0.5127487182617188,0.44040679931640625,16914.843994140625,183398.57318115234,155286.73907470703,1911.8729858398438,17024311296,2550136832,6588325888,0
200,1742933899775,2801,2801,2801,2801,2801,2801,2801,2801,2.9901885986328125,0.19821929931640625,1.2769393920898438,0.142333984375,100,0.09581756591796875,0.8880844116210938,0.09317779541015625,16915.005615234375,183401.37884521484,155289.3609008789,1911.8729858398438,17024311296,2550136832,6588039168,0
200,1742933899975,2801,2801,2801,2801,2801,2801,2801,2801,1.2110671997070313,0.116058349609375,3.6066207885742188,0.730865478515625,100,0.1162109375,0.674530029296875,0.1123199462890625,16915.168884277344,183404.18591308594,155291.982421875,1911.8810424804688,17024311296,2550136832,6587727872,0
200,1742933900176,2801,2801,2801,2801,2801,2801,2801,2801,0.6528396606445313,1.4929351806640625,1.3856430053710938,0.0712432861328125,100,0.5314483642578125,2.9523162841796875,0.05224609375,16915.332580566406,183406.94165039063,155294.5313720703,1911.8810424804688,17024311296,2550136832,6599413760,0
200,1742933900376,2801,2801,2801,2801,2801,2801,2801,2801,0.27678680419921875,2.1800155639648438,3.8720169067382813,0.33940887451171875,100,0.14312744140625,0.4708251953125,0.19786834716796875,16915.49871826172,183409.67877197266,155297.06213378906,1911.8810424804688,17024311296,2550136832,6610206720,0
200,1742933900577,2801,2801,2801,2801,2801,2801,2801,2801,1.1640472412109375,2.312042236328125,3.6727142333984375,0.14228057861328125,100,0.39000701904296875,0.8832168579101563,0.5278549194335938,16915.666564941406,183412.4844970703,155299.61364746094,1911.8897094726563,17024311296,2550136832,6622015488,0
200,1742933900777,2801,2801,2801,2801,2801,2801,2801,2801,0.13141632080078125,4.6761932373046875,1.2951202392578125,0.19966888427734375,99.99785614013672,0.19268798828125,0.50567626953125,0.1251373291015625,16915.8349609375,183415.19757080078,155302.14239501953,1911.8897094726563,17024311296,2550136832,6633771008,0
200,1742933900978,2801,2801,2801,2801,2801,2801,2801,2801,2.6651458740234375,1.8571090698242188,1.609832763671875,0.13924407958984375,100,0.07657623291015625,0.5553207397460938,0.0832061767578125,16916.003173828125,183417.92419433594,155304.67419433594,1911.8921508789063,17024311296,2550136832,6645501952,0
200,1742933901179,2801,2801,2801,2801,2801,2801,2801,2801,1.1376571655273438,2.6905975341796875,2.7544097900390625,0.21167755126953125,100,0.14322662353515625,3.8488922119140625,1.302520751953125,16916.16815185547,183420.72723388672,155307.25854492188,1911.8939208984375,17024311296,2550136832,6656962560,0
200,1742933901379,2801,2801,2801,2801,2801,2801,2801,2801,0.0604248046875,5.177886962890625,1.177886962890625,0.1079864501953125,100,0.0659027099609375,0.36522674560546875,0.0343017578125,16916.343505859375,183423.42962646484,155309.78448486328,1911.8939208984375,17024311296,2550136832,6667804672,0
200,1742933901580,2801,2801,2801,2801,2801,2801,2801,2801,15.671760559082031,5.2213287353515625,14.863372802734375,0.9670181274414063,100,0.6351394653320313,10.338958740234375,1.2569732666015625,16916.5224609375,183426.46173095703,155312.60235595703,1911.8984375,17024311296,2550136832,6675501056,0
200,1742933901780,2801,2801,2801,2801,2801,2801,2801,2801,3.1566619873046875,0.84521484375,2.5286102294921875,0.1123199462890625,100,0.101898193359375,1.6763687133789063,0.28945159912109375,16916.65057373047,183429.2091064453,155315.11450195313,1911.8984375,17024311296,2550136832,6677241856,0
200,1742933901981,2801,2801,2801,2801,2801,2801,2801,2801,2.748565673828125,0.14078521728515625,1.1577682495117188,0.27544403076171875,100,0.12578582763671875,0.5761184692382813,0.10369873046875,16916.807067871094,183432.02111816406,155317.67364501953,1911.8984375,17024311296,2550136832,6749990912,0
200,1742933902182,2801,2801,2801,2801,2801,2801,2801,2801,1.2334442138671875,4.9443817138671875,2.9779891967773438,0.18590545654296875,100,0.24298858642578125,4.124229431152344,0.47226715087890625,16917.012268066406,183434.9090576172,155320.27807617188,1911.9027099609375,17024311296,2550136832,6691209216,0
200,1742933902382,2801,2801,2801,2801,2801,2801,2801,2801,0.32733917236328125,2.798370361328125,1.1989212036132813,0.1175079345703125,100,0.09955596923828125,2.98162841796875,0.059722900390625,16917.19903564453,183437.67358398438,155322.8564453125,1911.9027099609375,17024311296,2550136832,6759825408,0
200,1742933902583,2801,2801,2801,2801,2801,2801,2801,2801,1.0535049438476563,3.5809173583984375,4.5906524658203125,1.6799087524414063,100,0.13256072998046875,0.71759033203125,0.52001953125,16917.396423339844,183440.4755859375,155325.44268798828,1911.9075927734375,17024311296,2550136832,6844682240,0
200,1742933902783,2801,2801,2801,2801,2801,2801,2801,2801,2.3901901245117188,1.9330596923828125,1.2834701538085938,0.3369903564453125,14.855140686035156,2.9366455078125,85.48320007324219,0.16607666015625,16917.579833984375,183443.2109375,155327.97302246094,1911.9075927734375,17024311296,2550136832,6934368256,0
200,1742933902984,2801,2801,2801,2801,2801,2801,2801,2801,2.0463714599609375,4.718536376953125,1.1891098022460938,0.1407928466796875,0.16841888427734375,2.5744705200195313,100,0,16917.870483398438,183445.92749023438,155330.43353271484,1911.9075927734375,17024311296,2550136832,7060844544,0
200,1742933903184,2801,2801,2801,2801,2801,2801,2801,2801,1.6774139404296875,0.5887985229492188,4.120124816894531,0.9954071044921875,0.6535797119140625,0.43538665771484375,100,0.14612579345703125,16918.03778076172,183448.70440673828,155332.98596191406,1911.911865234375,17024311296,2550136832,7067815936,0
200,1742933903385,2801,2801,2801,2801,2801,2801,2801,2801,0.15261077880859375,0.13684844970703125,3.7062530517578125,0.097900390625,0.1934051513671875,0.05715179443359375,100,0.0371551513671875,16918.27618408203,183451.56158447266,155335.61053466797,1911.911865234375,17024311296,2550136832,7084285952,0
200,1742933903585,2801,2801,2801,2801,2801,2801,2801,2801,3.3752670288085938,0.17411041259765625,2.1769638061523438,0.11670684814453125,0.3454742431640625,0.14752197265625,100,2.5001907348632813,16918.40447998047,183454.28326416016,155338.17279052734,1911.911865234375,17024311296,2550136832,7107657728,0
200,1742933903786,2801,2801,2801,2801,2801,2801,2801,2801,0.6280517578125,0.11226654052734375,3.8077163696289063,0.147674560546875,0.2615814208984375,0.3087158203125,100,0.16802215576171875,16918.536254882813,183457.04205322266,155340.72509765625,1911.9170532226563,17024311296,2550136832,7131947008,0
200,1742933903986,2801,2801,2801,2801,2801,2801,2801,2801,0.18637847900390625,0.1227874755859375,1.250823974609375,2.6441421508789063,0.257049560546875,0.12004852294921875,100,0.068023681640625,16918.663146972656,183459.75512695313,155343.27770996094,1911.9170532226563,17024311296,2550136832,7155941376,0
200,1742933904187,2801,2801,2801,2801,2801,2801,2801,2801,1.2485275268554688,2.5197982788085938,1.2300262451171875,0.18846893310546875,0.6232147216796875,0.34447479248046875,100,0.0005950927734375,16918.79364013672,183462.5004272461,155345.8364868164,1911.9216918945313,17024311296,2550136832,7179304960,0
200,1742933904387,2801,2801,2801,2801,2801,2801,2801,2801,2.7063751220703125,0.2658233642578125,1.3184967041015625,0.18662261962890625,0.1990966796875,0.315948486328125,100,0.171112060546875,16918.92156982422,183465.24029541016,155348.39068603516,1911.9216918945313,17024311296,2550136832,7204257792,0
200,1742933904588,2801,2801,2801,2801,2801,2801,2801,2801,0.6639938354492188,0.1627197265625,4.4198455810546875,0.438262939453125,93.20110321044922,0.10887908935546875,7.1278228759765625,0.237152099609375,16919.050659179688,183468.01025390625,155350.95373535156,1911.9216918945313,17024311296,2550136832,7226904576,0
200,1742933904789,2801,2801,2801,2801,2801,2801,2801,2801,2.91119384765625,0.251861572265625,1.3450698852539063,0.1950836181640625,100,0.1177520751953125,0.5570755004882813,0.39743804931640625,16919.179748535156,183470.74090576172,155353.5076904297,1911.92578125,17024311296,2550136832,7250894848,0
200,1742933904989,2801,2801,2801,2801,2801,2801,2801,2801,0.21990203857421875,0.1350555419921875,1.2491302490234375,0.18869781494140625,100,0.12009429931640625,2.867034912109375,0.1126708984375,16919.308349609375,183473.4859008789,155356.06713867188,1911.92578125,17024311296,2550136832,7274676224,0
200,1742933905190,2801,2801,2801,2801,2801,2801,2801,2801,0.72576904296875,0.09806060791015625,1.2245025634765625,0.128326416015625,100,0.06640625,3.192626953125,0.6908187866210938,16919.43719482422,183476.22589111328,155358.6348876953,1911.92578125,17024311296,2550136832,7297900544,0
200,1742933905390,2801,2801,2801,2801,2801,2801,2801,2801,0.32544708251953125,0.3714599609375,3.9741592407226563,0.20085906982421875,100,0.0780181884765625,0.613800048828125,0.48921966552734375,16919.56689453125,183478.9711303711,155361.19268798828,1911.9293823242188,17024311296,2550136832,7321337856,0
200,1742933905591,2801,2801,2801,2801,2801,2801,2801,2801,0.7042770385742188,2.5844497680664063,1.8866500854492188,0.23540496826171875,100,0.63348388671875,0.40655517578125,0.37310028076171875,16919.696166992188,183481.7144165039,155363.76220703125,1911.9293823242188,17024311296,2550136832,7345745920,0
200,1742933905791,2801,2801,2801,2801,2801,2801,2801,2801,0.9410400390625,0.17642974853515625,3.9425506591796875,0.19577789306640625,100,0.116058349609375,0.9065933227539063,0.42101287841796875,16919.82550048828,183484.46838378906,155366.3226928711,1911.9342041015625,17024311296,2550136832,7369019392,0
200,1742933905992,2801,2801,2801,2801,2801,2801,2801,2801,2.7162094116210938,0.1990203857421875,1.2652053833007813,0.18795013427734375,100,0.10958099365234375,0.4153900146484375,0.1343536376953125,16919.954345703125,183487.28833007813,155368.87646484375,1911.9342041015625,17024311296,2550136832,7392440320,0
200,1742933906193,2801,2801,2801,2801,2801,2801,2801,2801,1.2362289428710938,22.626602172851563,1.291015625,0.04875946044921875,100,0.2184600830078125,2.8376388549804688,0,16920.30682373047,183490.1629638672,155371.41186523438,1911.9342041015625,17024311296,2550136832,6864080896,0
200,1742933906393,2801,2801,2801,2801,2801,2801,2801,2801,0,15.611312866210938,1.8095703125,0,100,0,2.2239761352539063,0,16920.679443359375,183492.92309570313,155373.85968017578,1911.9390258789063,17024311296,2550136832,6667464704,0
200,1742933906594,2801,2801,2801,2801,2801,2801,2801,2801,3.3520126342773438,6.874275207519531,2.4492721557617188,1.7017288208007813,100,1.505859375,1.7784042358398438,1.2900924682617188,16920.92413330078,183495.70794677734,155376.38708496094,1911.9390258789063,17024311296,2550136832,6525059072,0
200,1742933906794,2801,2801,2801,2801,2801,2801,2801,2801,0.16870880126953125,2.1520004272460938,3.7751922607421875,0.10150146484375,30.255393981933594,69.8241195678711,0.4305877685546875,0.06964874267578125,16921.061889648438,183498.5795288086,155379.02642822266,1911.9390258789063,17024311296,2550136832,6535806976,0
200,1742933906995,2801,2801,2801,2801,2801,2801,2801,2801,2.7701950073242188,2.1206436157226563,1.6466293334960938,0.144775390625,0.17119598388671875,100,0.6017379760742188,0.403472900390625,16921.20703125,183501.5054321289,155381.6607055664,1911.94287109375,17024311296,2550136832,6547210240,0
200,1742933907196,2801,2801,2801,2801,2801,2801,2801,2801,0.723236083984375,2.3908538818359375,1.21649169921875,0.666748046875,0.0938262939453125,100,3.0694656372070313,0.6474075317382813,16921.35186767578,183504.3920288086,155384.3045654297,1911.94287109375,17024311296,2550136832,6558134272,0
200,1742933907396,2801,2801,2801,2801,2801,2801,2801,2801,0.40206146240234375,2.3047103881835938,3.9298171997070313,0.20165252685546875,0.1629180908203125,100,0.6787490844726563,0.47180938720703125,16921.497314453125,183507.30078125,155386.9379272461,1911.9470825195313,17024311296,2550136832,6569472000,0
200,1742933907597,2801,2801,2801,2801,2801,2801,2801,2801,10.878669738769531,1.757598876953125,1.5318145751953125,0.9010086059570313,0.49221038818359375,100,3.3421096801757813,0.34947967529296875,16921.639770507813,183510.30139160156,155389.70391845703,1911.9470825195313,17024311296,2550136832,6581477376,0
200,1742933907797,2801,2801,2801,2801,2801,2801,2801,2801,2.7346038818359375,2.9647750854492188,1.1806564331054688,0.15837860107421875,0.16007232666015625,99.96111297607422,0.4254913330078125,1.2076263427734375,16921.79266357422,183513.09674072266,155392.3256225586,1911.9470825195313,17024311296,2550136832,6592225280,0
200,1742933907998,2801,2801,2801,2801,2801,2801,2801,2801,2.8775177001953125,0.19129180908203125,1.5505599975585938,0.143280029296875,0.09656524658203125,100,0.5580673217773438,0.36238861083984375,16921.92022705078,183515.80181884766,155394.83489990234,1911.9508666992188,17024311296,2550136832,6592634880,0
200,1742933908198,2801,2801,2801,2801,2801,2801,2801,2801,0.6754226684570313,2.593414306640625,1.2953872680664063,0.27005767822265625,0.158843994140625,76.99030303955078,23.816978454589844,0.137298583984375,16922.06719970703,183518.50958251953,155397.37341308594,1911.9508666992188,17024311296,2550136832,6646554624,0
200,1742933908399,2801,2801,2801,2801,2801,2801,2801,2801,2.6681671142578125,2.7446212768554688,1.2142410278320313,0.055206298828125,0.195098876953125,0.190216064453125,100,0.00139617919921875,16922.346069335938,183521.19256591797,155399.81811523438,1911.953125,17024311296,2550136832,6817284096,0
200,1742933908599,2801,2801,2801,2801,2801,2801,2801,2801,4.163505554199219,3.6459197998046875,2.6600265502929688,0.9575653076171875,0.6200180053710938,0.35619354248046875,100,0.16043853759765625,16922.48858642578,183523.9652709961,155402.34204101563,1911.954833984375,17024311296,2550136832,6670225408,0
200,1742933908800,2801,2801,2801,2801,2801,2801,2801,2801,0.8523788452148438,0.12268829345703125,1.1649856567382813,2.4601364135742188,0.1865234375,0.04917144775390625,100,0.085784912109375,16922.637939453125,183526.7100830078,155404.9024658203,1911.954833984375,17024311296,2550136832,6725255168,0
200,1742933909000,2801,2801,2801,2801,2801,2801,2801,2801,0.6579208374023438,4.169898986816406,1.4819183349609375,0.1835784912109375,0.45005035400390625,0.15071868896484375,100,0.07904815673828125,16922.863037109375,183529.46124267578,155407.41943359375,1911.9597778320313,17024311296,2550136832,6760644608,0
200,1742933909201,2801,2801,2801,2801,2801,2801,2801,2801,1.4357376098632813,0.09021759033203125,3.6458511352539063,0.15206146240234375,0.2898101806640625,0.16507720947265625,100,0.11370849609375,16923.07244873047,183532.21697998047,155409.96813964844,1911.9597778320313,17024311296,2550136832,6766559232,0
200,1742933909401,2801,2801,2801,2801,2801,2801,2801,2801,0.2037811279296875,0.5109481811523438,3.6671981811523438,0.14109039306640625,0.34766387939453125,0.10114288330078125,100,0.07810211181640625,16923.354125976563,183534.85388183594,155412.37280273438,1911.9597778320313,17024311296,2550136832,6844735488,0
200,1742933909602,2801,2801,2801,2801,2801,2801,2801,2801,1.4529342651367188,0.15953826904296875,3.8372802734375,0.0980987548828125,1.05364990234375,0.243377685546875,100,0.5134353637695313,16923.53582763672,183537.59143066406,155414.89233398438,1911.964599609375,17024311296,2550136832,6844563456,0
200,1742933909803,2801,2801,2801,2801,2801,2801,2801,2801,0.2097625732421875,0.18587493896484375,1.1549911499023438,2.5493698120117188,0.20333099365234375,0.1105194091796875,100,0.08667755126953125,16923.76220703125,183540.3096923828,155417.40338134766,1911.964599609375,17024311296,2550136832,6844321792,0
200,1742933910003,2801,2801,2801,2801,2801,2801,2801,2801,0.5417098999023438,0.19676971435546875,1.4577713012695313,0.20245361328125,46.62628173828125,0.1363525390625,56.54734802246094,0.33426666259765625,16923.96759033203,183543.09490966797,155419.93133544922,1911.9696655273438,17024311296,2550136832,6843990016,0
200,1742933910204,2801,2801,2801,2801,2801,2801,2801,2801,0.580718994140625,0.144622802734375,1.934844970703125,0.229766845703125,100,0.1786651611328125,2.9324722290039063,0.14292144775390625,16924.14031982422,183545.8950805664,155422.4754638672,1911.9696655273438,17024311296,2550136832,6843723776,0
200,1742933910404,2801,2801,2801,2801,2801,2801,2801,2801,0.9670562744140625,0.24488067626953125,1.251312255859375,0.321502685546875,6.908454895019531,93.24314880371094,3.0043563842773438,0.12508392333984375,16924.31378173828,183548.6260986328,155425.0372314453,1911.9696655273438,17024311296,2550136832,6845149184,0
200,1742933910605,2801,2801,2801,2801,2801,2801,2801,2801,1.9324951171875,0.19138336181640625,1.3703536987304688,0.625701904296875,0.15364837646484375,100,3.276275634765625,0.5384063720703125,16924.485961914063,183551.41375732422,155427.6142578125,1911.9747314453125,17024311296,2550136832,6844858368,0
200,1742933910805,2801,2801,2801,2801,2801,2801,2801,2801,0.21939849853515625,0.15279388427734375,1.1884994506835938,0.207427978515625,0.11919403076171875,100,2.9464569091796875,0.1116180419921875,16924.65264892578,183554.15594482422,155430.1762084961,1911.9747314453125,17024311296,2550136832,6844547072,0
200,1742933911006,2801,2801,2801,2801,2801,2801,2801,2801,2.5450668334960938,0.11257171630859375,1.2684707641601563,0.14068603515625,0.04681396484375,100,0.410247802734375,0.0210418701171875,16924.858154296875,183556.88745117188,155432.7134399414,1911.9747314453125,17024311296,2550136832,6844235776,0
200,1742933911207,2801,2801,2801,2801,2801,2801,2801,2801,3.61138916015625,0.328369140625,1.66693115234375,0.3152618408203125,0.07073974609375,100,1.13507080078125,1.1522674560546875,16925.05340576172,183559.68682861328,155435.2821044922,1911.9793701171875,17024311296,2550136832,6844096512,0
200,1742933911407,2801,2801,2801,2801,2801,2801,2801,2801,0.22498321533203125,0.3033447265625,3.8668441772460938,0.17966461181640625,0.17552947998046875,100,0.5910415649414063,0.06729888916015625,16925.220458984375,183562.49475097656,155437.84716796875,1911.9793701171875,17024311296,2550136832,6845517824,0
200,1742933911608,2801,2801,2801,2801,2801,2801,2801,2801,4.098686218261719,0.733123779296875,1.628814697265625,0.18744659423828125,0.1922760009765625,100,0.6583480834960938,0.903564453125,16925.384704589844,183565.30438232422,155440.42578125,1911.9837646484375,17024311296,2550136832,6845091840,0
200,1742933911808,2801,2801,2801,2801,2801,2801,2801,2801,1.1309432983398438,0.19606781005859375,70.05180358886719,0.216461181640625,3.7871170043945313,30.2630615234375,0.7285919189453125,0.13031005859375,16925.590087890625,183568.08764648438,155442.93920898438,1911.9837646484375,17024311296,2550136832,6844780544,0
200,1742933912009,2801,2801,2801,2801,2801,2801,2801,2801,0.201446533203125,0.17403411865234375,100,0.01949310302734375,3.6831130981445313,0.0117645263671875,0.42946624755859375,0.05059814453125,16925.756103515625,183570.86407470703,155445.45819091797,1911.9837646484375,17024311296,2550136832,6844469248,0
200,1742933912210,2801,2801,2801,2801,2801,2801,2801,2801,3.6745452880859375,0.26625823974609375,100,0.14536285400390625,1.5045166015625,0.39417266845703125,0.5820159912109375,0.5893936157226563,16925.943115234375,183573.6361694336,155447.970703125,1911.9880981445313,17024311296,2550136832,6844157952,0
200,1742933912410,2801,2801,2801,2801,2801,2801,2801,2801,0.1937713623046875,0.38838958740234375,100,3.0884933471679688,1.2369918823242188,0.15019989013671875,0.6201400756835938,0.079559326171875,16926.11572265625,183576.31805419922,155450.46844482422,1911.9880981445313,17024311296,2550136832,6845534208,0
200,1742933912611,2801,2801,2801,2801,2801,2801,2801,2801,3.8531646728515625,0.5467681884765625,100,0.0403289794921875,2.3859405517578125,0.169647216796875,0.79388427734375,0.1629180908203125,16926.280883789063,183579.0516357422,155452.9937133789,1911.9880981445313,17024311296,2550136832,6845202432,0
200,1742933912811,2801,2801,2801,2801,2801,2801,2801,2801,1.69097900390625,0.2354583740234375,100,0.21077728271484375,3.9585647583007813,0.5091552734375,0.7561798095703125,0.49698638916015625,16926.453247070313,183581.78002929688,155455.44720458984,1911.9929809570313,17024311296,2550136832,6844870656,0
200,1742933913012,2801,2801,2801,2801,2801,2801,2801,2801,0.20061492919921875,0.5612564086914063,100,0.1263275146484375,3.7405853271484375,0.06182098388671875,2.4790802001953125,0.1124725341796875,16926.676879882813,183584.58172607422,155457.97033691406,1911.9929809570313,17024311296,2550136832,6845685760,0
200,1742933913213,2801,2801,2801,2801,2801,2801,2801,2801,3.3232803344726563,0.2263336181640625,100,0.48566436767578125,1.4082870483398438,0.3795318603515625,0.6197662353515625,0.9777145385742188,16926.89129638672,183587.36041259766,155460.48803710938,1911.9981689453125,17024311296,2550136832,6845374464,0
200,1742933913413,2801,2801,2801,2801,2801,2801,2801,2801,0.2985076904296875,2.7442703247070313,100,0.21575927734375,1.3226089477539063,0.271636962890625,0.611328125,0.2930755615234375,16927.064880371094,183590.0746459961,155463.0103149414,1911.9981689453125,17024311296,2550136832,6845685760,0
200,1742933913614,2801,2801,2801,2801,2801,2801,2801,2801,3.8290557861328125,0.1371917724609375,100,0.468505859375,1.301177978515625,0.474884033203125,0.53515625,0.4994659423828125,16927.225219726563,183592.80169677734,155465.5532836914,1911.9981689453125,17024311296,2550136832,6845370368,0
200,1742933913814,2801,2801,2801,2801,2801,2801,2801,2801,0.47203826904296875,0.25399017333984375,100,0.2283172607421875,3.7931671142578125,0.4093780517578125,0.636993408203125,0.47039794921875,16927.41619873047,183595.51947021484,155468.07147216797,1912.00244140625,17024311296,2550136832,6845059072,0
200,1742933914015,2801,2801,2801,2801,2801,2801,2801,2801,0.2225341796875,0.2253265380859375,100,0.13185882568359375,1.36431884765625,2.546783447265625,0.6023483276367188,0.13135528564453125,16927.590942382813,183598.28314208984,155470.59704589844,1912.00244140625,17024311296,2550136832,6844727296,0
200,1742933914216,2801,2801,2801,2801,2801,2801,2801,2801,3.6541824340820313,0.19666290283203125,100,0.13165283203125,1.3143692016601563,0.173980712890625,1.2462234497070313,0.48639678955078125,16927.750122070313,183601.04998779297,155473.13439941406,1912.00244140625,17024311296,2550136832,6844416000,0
200,1742933914416,2801,2801,2801,2801,2801,2801,2801,2801,2.797149658203125,0.2109832763671875,100,0.1692047119140625,1.3057708740234375,0.40087890625,0.5848846435546875,0.5193252563476563,16927.959716796875,183603.76989746094,155475.64001464844,1912.0074462890625,17024311296,2550136832,6845685760,0
200,1742933914617,2801,2801,2801,2801,2801,2801,2801,2801,3.7082748413085938,0.143218994140625,100,0.1144561767578125,1.3191604614257813,0.45728302001953125,0.5931320190429688,0.21251678466796875,16928.1904296875,183606.49420166016,155478.15753173828,1912.0074462890625,17024311296,2550136832,6845394944,0
200,1742933914817,2801,2801,2801,2801,2801,2801,2801,2801,0.8832244873046875,0.560333251953125,100,0.155487060546875,1.4857330322265625,0.4268798828125,3.025299072265625,0.5164642333984375,16928.3583984375,183609.212890625,155480.68951416016,1912.0121459960938,17024311296,2550136832,6845083648,0
200,1742933915018,2801,2801,2801,2801,2801,2801,2801,2801,0.34317779541015625,0.2088775634765625,100,0.18379974365234375,1.2550582885742188,0.21944427490234375,3.032257080078125,0.15468597412109375,16928.52197265625,183611.9500732422,155483.22357177734,1912.0121459960938,17024311296,2550136832,6844772352,0
200,1742933915219,2801,2801,2801,2801,2801,2801,2801,2801,3.0006484985351563,0.1433258056640625,100,0.5066909790039063,1.2925949096679688,0.19008636474609375,0.5156631469726563,0.6400375366210938,16928.720581054688,183614.66571044922,155485.74530029297,1912.0121459960938,17024311296,2550136832,6844461056,0
200,1742933915419,2801,2801,2801,2801,2801,2801,2801,2801,0.335205078125,0.4272308349609375,100,0.20055389404296875,1.453125,0.49642181396484375,3.2439498901367188,0.46746063232421875,16928.890502929688,183617.43383789063,155488.2647705078,1912.0170288085938,17024311296,2550136832,6845685760,0
200,1742933915620,2801,2801,2801,2801,2801,2801,2801,2801,1.3110580444335938,2.5778961181640625,100,0.15997314453125,1.2605056762695313,0.1995086669921875,1.4024887084960938,0.3749847412109375,16929.064392089844,183620.1942138672,155490.79498291016,1912.0170288085938,17024311296,2550136832,6845374464,0
200,1742933915820,2801,2801,2801,2801,2801,2801,2801,2801,0.3214874267578125,3.0682373046875,100,0.1485595703125,1.4437408447265625,0.5467681884765625,1.8186721801757813,0.29302215576171875,16929.2431640625,183622.7823486328,155493.2071533203,1912.0194091796875,17024311296,2550136832,6845063168,0
199,1742933916021,2801,2801,2801,2801,2801,2801,2801,2801,0.4619293212890625,0.218353271484375,100,0.15085601806640625,1.4875411987304688,0.2571868896484375,3.0842514038085938,0.475738525390625,16929.419067382813,183625.43676757813,155495.64318847656,1912.0216064453125,17024311296,2550136832,6844751872,0
200,1742933916221,2801,2801,2801,2801,2801,2801,2801,2801,3.4012298583984375,0.1988525390625,100,0.10959625244140625,1.2363128662109375,0.19161224365234375,0.5245513916015625,0.05672454833984375,16929.62286376953,183628.13818359375,155498.15502929688,1912.0216064453125,17024311296,2550136832,6844858368,0
200,1742933916422,2801,2801,2801,2801,2801,2801,2801,2801,0.5615463256835938,0.30869293212890625,100,0.12004852294921875,1.4632949829101563,0.535125732421875,3.1599960327148438,0.47156524658203125,16929.795837402344,183630.8775024414,155500.68658447266,1912.0264282226563,17024311296,2550136832,6846504960,0
200,1742933916622,2801,2801,2801,2801,2801,2801,2801,2801,0.6734161376953125,3.0277252197265625,100,1.0484085083007813,1.3360137939453125,0.20420074462890625,0.8052291870117188,0.196319580078125,16929.968383789063,183633.59204101563,155503.21459960938,1912.0264282226563,17024311296,2550136832,6846193664,0
200,1742933916823,2801,2801,2801,2801,2801,2801,2801,2801,0.36795806884765625,2.58526611328125,100,0.14138031005859375,1.3423080444335938,0.26511383056640625,0.717315673828125,0.09731292724609375,16930.16082763672,183636.3696899414,155505.73120117188,1912.0264282226563,17024311296,2550136832,6845861888,0
200,1742933917023,2801,2801,2801,2801,2801,2801,2801,2801,0.48226165771484375,0.274383544921875,100,0.08708953857421875,3.78631591796875,0.3382415771484375,0.7028045654296875,0.4569854736328125,16930.326293945313,183639.1655883789,155508.25750732422,1912.03076171875,17024311296,2550136832,6845550592,0
200,1742933917224,2801,2801,2801,2801,2801,2801,2801,2801,0.7648696899414063,0.16485595703125,100,0.18804168701171875,1.3962936401367188,0.15613555908203125,3.4632415771484375,0.7530059814453125,16930.509155273438,183641.92547607422,155510.7733154297,1912.03076171875,17024311296,2550136832,6845476864,0
200,1742933917425,2801,2801,2801,2801,2801,2801,2801,2801,2.7429428100585938,0.26924896240234375,100,0.1202392578125,1.3484420776367188,0.475433349609375,0.635711669921875,0.501312255859375,16930.690795898438,183644.53240966797,155513.18103027344,1912.035400390625,17024311296,2550136832,6846914560,0
200,1742933917625,2801,2801,2801,2801,2801,2801,2801,2801,1.9113845825195313,2.6532135009765625,100,0.2628173828125,2.0511627197265625,0.6601715087890625,0.7541427612304688,0.48380279541015625,16930.849975585938,183647.1630859375,155515.62133789063,1912.035400390625,17024311296,2550136832,6846652416,0
200,1742933917826,2801,2801,2801,2801,2801,2801,2801,2801,0.6728515625,0.6173629760742188,99.95333862304688,0.15399169921875,1.3499832153320313,0.1554412841796875,3.0377655029296875,1.229248046875,16931.09912109375,183649.53002929688,155517.77600097656,1912.035400390625,17024311296,2550136832,6850551808,0
200,1742933918026,2801,2801,2801,2801,2801,2801,2801,2801,0,2.5541305541992188,99.97428131103516,0,1.4372482299804688,0,0.2098541259765625,0.0388336181640625,16931.40496826172,183651.89294433594,155519.87127685547,1912.0398559570313,17024311296,2550136832,6857097216,0
200,1742933918227,2801,2801,2801,2801,2801,2801,2801,2801,1.1684417724609375,5.5918426513671875,100,0.7103500366210938,1.961395263671875,1.0889739990234375,3.669036865234375,0.6554107666015625,16931.888427734375,183654.5023803711,155522.09783935547,1912.0398559570313,17024311296,2550136832,6875447296,0
200,1742933918428,2801,2801,2801,2801,2801,2801,2801,2801,2.6366043090820313,3.27569580078125,100,0.1292724609375,1.2443695068359375,0.2281341552734375,0.5354385375976563,0.19428253173828125,16932.03582763672,183657.19366455078,155524.60064697266,1912.0398559570313,17024311296,2550136832,6749990912,0
200,1742933918628,2801,2801,2801,2801,2801,2801,2801,2801,0.8111801147460938,0.6146011352539063,100,0.4195709228515625,4.385322570800781,0.3692169189453125,0.589874267578125,0.4124908447265625,16932.184692382813,183659.9422607422,155527.15393066406,1912.0448608398438,17024311296,2550136832,6799310848,0
200,1742933918829,2801,2801,2801,2801,2801,2801,2801,2801,2.5553970336914063,11.263587951660156,100,0.10384368896484375,1.2671279907226563,0.21128082275390625,0.47864532470703125,0.09282684326171875,16932.474060058594,183662.6944580078,155529.64709472656,1912.0448608398438,17024311296,2550136832,6515773440,0
200,1742933919029,2801,2801,2801,2801,2801,2801,2801,2801,0.36537933349609375,2.18743896484375,100,0.1173095703125,1.4698410034179688,0.2029571533203125,3.047271728515625,0.7269210815429688,16932.61474609375,183665.49743652344,155532.2686767578,1912.0488891601563,17024311296,2550136832,6527504384,0
200,1742933919230,2801,2801,2801,2801,2801,2801,2801,2801,0.6452560424804688,1.79193115234375,100,0.431976318359375,3.7580032348632813,0.1214447021484375,0.37978363037109375,0.6157913208007813,16932.753356933594,183668.3353881836,155534.8985595703,1912.0488891601563,17024311296,2550136832,6539038720,0
200,1742933919430,2801,2801,2801,2801,2801,2801,2801,2801,0.31671905517578125,2.40460205078125,100,0.13794708251953125,1.438934326171875,0.20490264892578125,3.0080795288085938,0.10623931884765625,16932.89715576172,183671.13793945313,155537.5082397461,1912.0488891601563,17024311296,2550136832,6550159360,0
200,1742933919631,2801,2801,2801,2801,2801,2801,2801,2801,0.9331207275390625,2.27978515625,100,0.095367431640625,4.507225036621094,0.1656646728515625,0.739990234375,0.6707916259765625,16933.037719726563,183674.02227783203,155540.14782714844,1912.0536499023438,17024311296,2550136832,6561779712,0
200,1742933919832,2801,2801,2801,2801,2801,2801,2801,2801,0.26861572265625,2.1476669311523438,100,0.15673828125,4.599189758300781,0.16776275634765625,0.47521209716796875,0.118499755859375,16933.18182373047,183676.84594726563,155542.7738647461,1912.0536499023438,17024311296,2550136832,6573117440,0
200,1742933920032,2801,2801,2801,2801,2801,2801,2801,2801,2.58538818359375,2.6928253173828125,100,0.08141326904296875,1.3082504272460938,0.212677001953125,0.3821258544921875,0.18051910400390625,16933.32989501953,183679.6273803711,155545.38208007813,1912.0536499023438,17024311296,2550136832,6584127488,0
200,1742933920233,2801,2801,2801,2801,2801,2801,2801,2801,1.5483779907226563,1.7432098388671875,100,0.11760711669921875,4.0592498779296875,0.350128173828125,0.8388519287109375,0.4462432861328125,16933.470764160156,183682.43817138672,155547.97332763672,1912.0577392578125,17024311296,2550136832,6593236992,0
200,1742933920433,2801,2801,2801,2801,2801,2801,2801,2801,0.1696014404296875,0.22449493408203125,100,0.16651153564453125,3.7383193969726563,0.10125732421875,0.3730621337890625,0.1794281005859375,16933.595275878906,183685.0728149414,155550.45196533203,1912.0577392578125,17024311296,2550136832,6594351104,0
200,1742933920634,2801,2801,2801,2801,2801,2801,2801,2801,3.768829345703125,0.169403076171875,100,0.06540679931640625,2.582794189453125,0.7531967163085938,0.6386795043945313,0.5426101684570313,16933.75506591797,183687.8482055664,155553.0308227539,1912.0620727539063,17024311296,2550136832,6666522624,0
200,1742933920835,2801,2801,2801,2801,2801,2801,2801,2801,3.3328933715820313,5.9708251953125,100,0.2486724853515625,1.6396484375,0.16167449951171875,1.0226593017578125,0.26627349853515625,16934.04052734375,183690.60528564453,155555.4814453125,1912.0620727539063,17024311296,2550136832,6670417920,0
200,1742933921035,2801,2801,2801,2801,2801,2801,2801,2801,0.25909423828125,0.14178466796875,100,0.131866455078125,3.64990234375,0.23944854736328125,0.3723602294921875,0.0841522216796875,16934.165283203125,183693.32098388672,155557.9705810547,1912.0620727539063,17024311296,2550136832,6672334848,0
200,1742933921236,2801,2801,2801,2801,2801,2801,2801,2801,3.2823562622070313,0.222198486328125,100,0.059173583984375,1.2786636352539063,0.3564605712890625,0.9762954711914063,0.86895751953125,16934.324768066406,183696.15551757813,155560.55096435547,1912.0665893554688,17024311296,2550136832,6744506368,0
200,1742933921436,2801,2801,2801,2801,2801,2801,2801,2801,2.5709609985351563,3.163421630859375,100,0.17598724365234375,1.3320465087890625,0.13983917236328125,0.48009490966796875,0.130767822265625,16934.523498535156,183698.89776611328,155563.09552001953,1912.0665893554688,17024311296,2550136832,6766247936,0
200,1742933921637,2801,2801,2801,2801,2801,2801,2801,2801,1.1366729736328125,2.0430145263671875,100,0.11635589599609375,1.9946060180664063,0.16835784912109375,2.95025634765625,0.4188232421875,16934.693298339844,183701.6948852539,155565.69775390625,1912.0665893554688,17024311296,2550136832,6776619008,0
200,1742933921838,2801,2801,2801,2801,2801,2801,2801,2801,2.7830047607421875,1.6009368896484375,100,0.14247894287109375,1.4127883911132813,0.4040069580078125,0.5785980224609375,0.38800811767578125,16934.859008789063,183704.509765625,155568.28826904297,1912.0707397460938,17024311296,2550136832,6787162112,0
200,1742933922038,2801,2801,2801,2801,2801,2801,2801,2801,0.2432403564453125,2.1613311767578125,100,0.13794708251953125,3.7661895751953125,0.09651947021484375,0.4665374755859375,0.14687347412109375,16935.027709960938,183707.26977539063,155570.87225341797,1912.0707397460938,17024311296,2550136832,6797500416,0
200,1742933922239,2801,2801,2801,2801,2801,2801,2801,2801,0.9691619873046875,2.0394287109375,100,0.0607757568359375,4.0195770263671875,0.4526214599609375,1.0075454711914063,0.5006332397460938,16935.198364257813,183710.1025390625,155573.46020507813,1912.0759887695313,17024311296,2550136832,6807760896,0
200,1742933922439,2801,2801,2801,2801,2801,2801,2801,2801,3.1955642700195313,1.3416366577148438,100,0.2024383544921875,4.992889404296875,0.129241943359375,3.9927597045898438,0.23455047607421875,16935.359313964844,183713.01727294922,155576.11779785156,1912.0759887695313,17024311296,2550136832,6818799616,0
200,1742933922640,2801,2801,2801,2801,2801,2801,2801,2801,27.49169921875,27.58014678955078,76.29570007324219,13.654983520507813,32.596282958984375,35.199928283691406,35.21867370605469,19.339622497558594,16935.60723876953,183717.07360839844,155579.91326904297,1912.0759887695313,17024311296,2550136832,6835085312,0
199,1742933922840,2801,2801,2801,2801,2801,2801,2801,2801,28.727066040039063,14.542930603027344,96.34449768066406,1.636383056640625,43.88792419433594,14.550163269042969,28.72796630859375,13.604995727539063,16935.827880859375,183720.92138671875,155583.53216552734,1912.0791625976563,17024311296,2550136832,6847102976,0
200,1742933923040,2801,2801,2801,2801,2801,2801,2801,2801,11.059913635253906,0.8138427734375,100,0.9349899291992188,14.22528076171875,2.1434097290039063,6.739158630371094,9.769027709960938,16935.976989746094,183723.8699951172,155586.30505371094,1912.0791625976563,17024311296,2550136832,6847447040,0
200,1742933923241,2801,2801,2801,2801,2801,2801,2801,2801,1.834625244140625,0.1591339111328125,100,0.0682525634765625,0.5844879150390625,0.2445831298828125,2.8743820190429688,0.6192398071289063,16936.12841796875,183726.62237548828,155588.875,1912.0817260742188,17024311296,2550136832,6905151488,0
200,1742933923442,2801,2801,2801,2801,2801,2801,2801,2801,1.3182449340820313,1.89630126953125,100,0.17917633056640625,0.39459228515625,0.2098388671875,4.504920959472656,0.4040679931640625,16936.349182128906,183729.44262695313,155591.45391845703,1912.0839233398438,17024311296,2550136832,6995075072,0
200,1742933923642,2801,2801,2801,2801,2801,2801,2801,2801,2.49993896484375,0.570831298828125,100,0.16297149658203125,3.3385391235351563,0.06386566162109375,0.164764404296875,0,16936.552368164063,183732.24560546875,155594.04327392578,1912.0839233398438,17024311296,2550136832,7242711040,0
200,1742933923843,2801,2801,2801,2801,2801,2801,2801,2801,3.961761474609375,3.2929153442382813,100,0.789337158203125,1.9999465942382813,1.0188674926757813,1.1201248168945313,1.4865036010742188,16936.72412109375,183735.01873779297,155596.60455322266,1912.089111328125,17024311296,2550136832,7089086464,0
200,1742933924043,2801,2801,2801,2801,2801,2801,2801,2801,2.567718505859375,0.1843109130859375,100,0.14707183837890625,1.2249069213867188,0.11441802978515625,0.6348876953125,0.10553741455078125,16936.87939453125,183737.63220214844,155599.04150390625,1912.089111328125,17024311296,2550136832,7097622528,0
200,1742933924244,2801,2801,2801,2801,2801,2801,2801,2801,3.3499603271484375,0.14911651611328125,100,0.1160125732421875,1.3283157348632813,0.16242218017578125,0.3567047119140625,0.19593048095703125,16937.03009033203,183740.03021240234,155601.26208496094,1912.089111328125,17024311296,2550136832,7122804736,0
200,1742933924445,2801,2801,2801,2801,2801,2801,2801,2801,2.7227401733398438,0.30615234375,100,0.16147613525390625,1.4630203247070313,0.3850250244140625,0.61260986328125,0.41274261474609375,16937.183227539063,183742.46075439453,155603.4878540039,1912.0925903320313,17024311296,2550136832,7148855296,0
200,1742933924645,2801,2801,2801,2801,2801,2801,2801,2801,0.68145751953125,2.1974716186523438,100,0.109130859375,1.9014892578125,0.111968994140625,3.0150833129882813,0.07114410400390625,16937.348205566406,183744.96337890625,155605.81329345703,1912.0925903320313,17024311296,2550136832,7166480384,0
200,1742933924846,2801,2801,2801,2801,2801,2801,2801,2801,0.34299468994140625,0.2270355224609375,100,0.12323760986328125,3.8213882446289063,0.19303131103515625,0.6632537841796875,0.5305404663085938,16937.50958251953,183747.72302246094,155608.3721923828,1912.0971069335938,17024311296,2550136832,7166148608,0
200,1742933925046,2801,2801,2801,2801,2801,2801,2801,2801,0.31348419189453125,2.6808395385742188,100,0.13440704345703125,1.2793960571289063,0.14746856689453125,0.46558380126953125,0.195526123046875,16937.66326904297,183750.34155273438,155610.7329711914,1912.0971069335938,17024311296,2550136832,7181987840,0
200,1742933925247,2801,2801,2801,2801,2801,2801,2801,2801,0.6551284790039063,0.175933837890625,100,0.11989593505859375,1.571746826171875,0.1813201904296875,2.8233718872070313,0.6448135375976563,16937.814697265625,183752.81188964844,155612.97973632813,1912.0971069335938,17024311296,2550136832,7207526400,0
200,1742933925447,2801,2801,2801,2801,2801,2801,2801,2801,0.4089508056640625,0.33811187744140625,100,0.12004852294921875,3.760650634765625,0.35540771484375,0.5060195922851563,0.5341415405273438,16937.96630859375,183755.23754882813,155615.22387695313,1912.10205078125,17024311296,2550136832,7234154496,0
200,1742933925648,2801,2801,2801,2801,2801,2801,2801,2801,0.7216720581054688,1.8198776245117188,100,0.09915924072265625,2.0228271484375,0.5351715087890625,2.9041748046875,0.4290313720703125,16938.129943847656,183757.8876953125,155617.67742919922,1912.10205078125,17024311296,2550136832,7166586880,0
200,1742933925849,2801,2801,2801,2801,2801,2801,2801,2801,2.5926437377929688,0.1540985107421875,100,0.14023590087890625,1.2291412353515625,0.163970947265625,0.36408233642578125,0.165313720703125,16938.29022216797,183760.62274169922,155620.23217773438,1912.10205078125,17024311296,2550136832,7166275584,0
200,1742933926049,2801,2801,2801,2801,2801,2801,2801,2801,2.8257675170898438,0.18999481201171875,100,0.10614013671875,1.4373397827148438,0.3973388671875,0.48906707763671875,0.51324462890625,16938.44158935547,183763.03125,155622.44793701172,1912.1068725585938,17024311296,2550136832,7190999040,0
200,1742933926250,2801,2801,2801,2801,2801,2801,2801,2801,2.9479904174804688,0.24034881591796875,100,0.12857818603515625,1.8822555541992188,0.1531524658203125,0.5152435302734375,0.14731597900390625,16938.59259033203,183765.45538330078,155624.66467285156,1912.1068725585938,17024311296,2550136832,7216275456,0
200,1742933926450,2801,2801,2801,2801,2801,2801,2801,2801,2.6801528930664063,0.5078125,100,0.0522003173828125,1.3171920776367188,0.335418701171875,0.42266082763671875,0.49858856201171875,16938.74346923828,183767.91583251953,155626.88116455078,1912.11083984375,17024311296,2550136832,7242653696,0
200,1742933926651,2801,2801,2801,2801,2801,2801,2801,2801,3.1636428833007813,1.9151153564453125,100,0.17523193359375,2.0262908935546875,0.6032257080078125,0.5830307006835938,0.15065765380859375,16938.929748535156,183770.70947265625,155629.42486572266,1912.11083984375,17024311296,2550136832,7243833344,0
200,1742933926852,2801,2801,2801,2801,2801,2801,2801,2801,0.7676467895507813,0.595947265625,100,0.1011505126953125,3.64837646484375,0.09278106689453125,0.4840240478515625,0.1080322265625,16939.079162597656,183773.44750976563,155631.98291015625,1912.11083984375,17024311296,2550136832,7246028800,0
200,1742933927052,2801,2801,2801,2801,2801,2801,2801,2801,2.7960662841796875,0.1983184814453125,100,0.108734130859375,1.3207321166992188,0.40023040771484375,0.49076080322265625,0.38422393798828125,16939.209045410156,183776.17932128906,155634.53393554688,1912.1159057617188,17024311296,2550136832,7261315072,0
200,1742933927253,2801,2801,2801,2801,2801,2801,2801,2801,3.14080810546875,0.13719940185546875,100,0.15254974365234375,1.3853912353515625,0.0822601318359375,0.8066864013671875,0.599395751953125,16939.338745117188,183778.9263305664,155637.09271240234,1912.1159057617188,17024311296,2550136832,7276253184,0
200,1742933927453,2801,2801,2801,2801,2801,2801,2801,2801,0.30475616455078125,0.20465087890625,100,0.22264862060546875,1.392822265625,0.07448577880859375,2.9774856567382813,0.37261199951171875,16939.466369628906,183781.7103881836,155639.64837646484,1912.1159057617188,17024311296,2550136832,7284736000,0
200,1742933927654,2801,2801,2801,2801,2801,2801,2801,2801,0.8055343627929688,3.99298095703125,100,0.155242919921875,2.1203231811523438,0.34563446044921875,1.1473846435546875,0.89776611328125,16939.60009765625,183784.56518554688,155642.22259521484,1912.1204833984375,17024311296,2550136832,7298596864,0
200,1742933927855,2801,2801,2801,2801,2801,2801,2801,2801,1.3344879150390625,0.18700408935546875,100,0.1388397216796875,3.6435623168945313,0.142181396484375,0.557464599609375,0.11910247802734375,16939.729370117188,183787.37182617188,155644.78253173828,1912.1204833984375,17024311296,2550136832,7311470592,0
200,1742933928055,2801,2801,2801,2801,2801,2801,2801,2801,2.7246322631835938,0,99.97671508789063,0,1.4379196166992188,0.238494873046875,0.4769439697265625,0.2630767822265625,16939.87030029297,183790.177734375,155647.3446044922,1912.1254272460938,17024311296,2550136832,7323447296,0
200,1742933928256,2801,2801,2801,2801,2801,2801,2801,2801,3.6954727172851563,22.205886840820313,100,0.100799560546875,1.501678466796875,0.2030029296875,0.5678787231445313,0.1440277099609375,16940.295837402344,183793.11889648438,155649.88848876953,1912.1254272460938,17024311296,2550136832,6708092928,0
200,1742933928456,2801,2801,2801,2801,2801,2801,2801,2801,0.377044677734375,4.6017303466796875,100,0.3322296142578125,1.5355072021484375,0.313629150390625,3.2871780395507813,0.26143646240234375,16940.529724121094,183795.8091430664,155652.36865234375,1912.1254272460938,17024311296,2550136832,6756540416,0
200,1742933928657,2801,2801,2801,2801,2801,2801,2801,2801,0.8292770385742188,0.5806045532226563,100,0.07846832275390625,4.399894714355469,0.3880157470703125,0.7429275512695313,0.5334930419921875,16940.667419433594,183798.56030273438,155654.9178466797,1912.1298217773438,17024311296,2550136832,6775173120,0
200,1742933928857,2801,2801,2801,2801,2801,2801,2801,2801,2.48394775390625,1.6573257446289063,100,0,1.26593017578125,0.03485107421875,0.2776336669921875,0.0800628662109375,16940.87042236328,183801.3046875,155657.4512939453,1912.1298217773438,17024311296,2550136832,6894624768,0
200,1742933929058,2801,2801,2801,2801,2801,2801,2801,2801,0.1710968017578125,15.746200561523438,100,0,1.5517349243164063,0.03684234619140625,3.1328887939453125,0,16941.27587890625,183804.08978271484,155659.87115478516,1912.1298217773438,17024311296,2550136832,6601916416,0
200,1742933929259,2801,2801,2801,2801,2801,2801,2801,2801,1.368560791015625,10.761207580566406,100,0.34024810791015625,3.054290771484375,3.1833572387695313,2.3332672119140625,1.3704071044921875,16941.69012451172,183806.9398803711,155662.33856201172,1912.1333618164063,17024311296,2550136832,6538596352,0
200,1742933929459,2801,2801,2801,2801,2801,2801,2801,2801,2.6197128295898438,1.7334671020507813,100,0.1264801025390625,1.3200302124023438,0.082305908203125,0.5002822875976563,0.04895782470703125,16941.950439453125,183809.49676513672,155664.68328857422,1912.1333618164063,17024311296,2550136832,6750277632,0
200,1742933929660,2801,2801,2801,2801,2801,2801,2801,2801,0.7679367065429688,1.98126220703125,100,0.08245849609375,2.2308273315429688,0.8173446655273438,3.119110107421875,0.606414794921875,16942.237365722656,183812.2000732422,155667.13244628906,1912.138427734375,17024311296,2550136832,6989975552,0
200,1742933929860,2801,2801,2801,2801,2801,2801,2801,2801,0.5340805053710938,0.9959335327148438,100,0.07173919677734375,1.2849807739257813,0.6663436889648438,2.8990020751953125,0.036590576171875,16942.623474121094,183814.9506225586,155669.59838867188,1912.138427734375,17024311296,2550136832,7320551424,0
200,1742933930061,2801,2801,2801,2801,2801,2801,2801,2801,0.34267425537109375,2.79327392578125,100,0.31919097900390625,1.6826019287109375,0.33036041259765625,0.7152023315429688,0.34272003173828125,16942.93994140625,183817.57189941406,155671.98150634766,1912.138427734375,17024311296,2550136832,7410761728,0
200,1742933930262,2801,2801,2801,2801,2801,2801,2801,2801,1.0943450927734375,0.2686309814453125,100,0.10587310791015625,3.8174591064453125,0.8882293701171875,0.7808609008789063,0.3692169189453125,16943.24237060547,183820.23010253906,155674.3627319336,1912.1432495117188,17024311296,2550136832,7412023296,0
200,1742933930462,2801,2801,2801,2801,2801,2801,2801,2801,0.1805419921875,38.90488815307617,100,0.03952789306640625,1.454925537109375,0.07238006591796875,3.1515579223632813,0.0222320556640625,16943.588989257813,183823.24450683594,155677.0262451172,1912.1432495117188,17024311296,2550136832,7414779904,0
200,1742933930663,2801,2801,2801,2801,2801,2801,2801,2801,3.2255325317382813,37.23686981201172,100,0.1232757568359375,2.3159027099609375,0.33991241455078125,0.6888504028320313,0.25208282470703125,16943.919799804688,183826.20556640625,155679.69537353516,1912.1453857421875,17024311296,2550136832,6203420672,0
200,1742933930863,2801,2801,2801,2801,2801,2801,2801,2801,6.380645751953125,6.998664855957031,100,0.30339813232421875,1.4898757934570313,0.39691925048828125,3.1834487915039063,0.6291351318359375,16944.061767578125,183829.15942382813,155682.42626953125,1912.1475219726563,17024311296,2550136832,6198169600,0
200,1742933931064,2801,2801,2801,2801,2801,2801,2801,2801,3.2537765502929688,13.180381774902344,100,0.6099166870117188,1.49517822265625,0.14652252197265625,0.60931396484375,0.1456756591796875,16944.23291015625,183832.11932373047,155685.18829345703,1912.1475219726563,17024311296,2550136832,6197997568,0
200,1742933931265,2801,2801,2801,2801,2801,2801,2801,2801,3.9503555297851563,1.747467041015625,100,0.12064361572265625,2.6283340454101563,0.25231170654296875,2.055419921875,0.9669113159179688,16944.362182617188,183835.00903320313,155687.88134765625,1912.1526489257813,17024311296,2550136832,6198534144,0
200,1742933931465,2801,2801,2801,2801,2801,2801,2801,2801,0.6290054321289063,1.1221466064453125,100,0.12969207763671875,2.9237518310546875,0.26117706298828125,8.357559204101563,0.6466598510742188,16944.493896484375,183837.94342041016,155690.64794921875,1912.1526489257813,17024311296,2550136832,6200389632,0
200,1742933931666,2801,2801,2801,2801,2801,2801,2801,2801,7.626678466796875,3.713958740234375,100,0.7248153686523438,11.549568176269531,0.23744964599609375,12.622062683105469,2.96685791015625,16944.619262695313,183841.01837158203,155693.52966308594,1912.1526489257813,17024311296,2550136832,6197927936,0
200,1742933931866,2801,2801,2801,2801,2801,2801,2801,2801,0.55810546875,3.5565109252929688,100,0.132110595703125,2.7093582153320313,0.8592147827148438,1.998809814453125,0.9041824340820313,16944.75360107422,183843.9193725586,155696.16815185547,1912.1569213867188,17024311296,2550136832,6202081280,0
200,1742933932067,2801,2801,2801,2801,2801,2801,2801,2801,0.32617950439453125,0.39746856689453125,100,0.21087646484375,1.3733673095703125,0.36052703857421875,3.5937652587890625,0.16117095947265625,16944.860473632813,183846.77801513672,155698.77880859375,1912.1569213867188,17024311296,2550136832,6202028032,0
200,1742933932268,2801,2801,2801,2801,2801,2801,2801,2801,0.9338226318359375,0.14656829833984375,100,0.0765228271484375,4.169075012207031,0.16890716552734375,0.7065353393554688,0.44185638427734375,16944.967712402344,183849.58819580078,155701.37994384766,1912.1609497070313,17024311296,2550136832,6201577472,0
200,1742933932468,2801,2801,2801,2801,2801,2801,2801,2801,2.5514297485351563,0.46643829345703125,100,0.14896392822265625,1.222320556640625,0.11087799072265625,0.5396728515625,0.1675567626953125,16945.07684326172,183852.45965576172,155703.9838256836,1912.1609497070313,17024311296,2550136832,6203412480,0
200,1742933932669,2801,2801,2801,2801,2801,2801,2801,2801,0.7318115234375,0.12528228759765625,100,0.1029510498046875,2.0900955200195313,0.5828018188476563,2.9404144287109375,1.258575439453125,16945.185180664063,183855.287109375,155706.6085205078,1912.1609497070313,17024311296,2550136832,6202978304,0
200,1742933932869,2801,2801,2801,2801,2801,2801,2801,2801,53.8393669128418,0.9847030639648438,16.082534790039063,2.893096923828125,33.05455017089844,0.4656829833984375,1.5335922241210938,1.630859375,16945.31756591797,183858.03515625,155709.1346435547,1912.2058715820313,17024311296,2550136832,6202503168,0
2,1742933933070,2801,2801,2801,2801,2801,2801,2801,2801,3.0211944580078125,1.0425643920898438,1.5042953491210938,0.5081100463867188,33.623817443847656,0.308746337890625,1.469970703125,8.570716857910156,16945.44940185547,183859.39526367188,155710.26525878906,1912.24072265625,17024311296,2550136832,6203768832,0
